k=2 m=1024
865.0
500.0
275.0
152.0
79.0
53.0
32.0
k=2 m=2048
1724.0
972.0
548.0
284.0
165.0
84.0
49.0
k=3 m=1024
1023.0
866.0
546.0
317.0
171.0
99.0
56.0
k=3 m=2048
2047.0
1714.0
1042.0
613.0
316.0
189.0
106.0
k=4 m=1024
1023.0
1016.0
789.0
489.0
270.0
150.0
87.0
k=4 m=2048
2047.0
2031.0
1556.0
966.0
541.0
293.0
162.0
k=6 m=1024

1023.0
1011.0
810.0
520.0
329.0
180.0
k=6 m=2048

2047.0
2017.0
1585.0
1012.0
589.0
322.0
k=8 m=1024

1023.0
1023.0
978.0
743.0
484.0
284.0
k=8 m=2048

2047.0
2047.0
1943.0
1462.0
919.0
535.0
k=16 m=1024


1023.0
1023.0
1023.0
949.0
717.0
k=16 m=2048


2047.0
2047.0
2046.0
1877.0

