k=3 m=512
511	511	511	511	511
511.0	511.0	511.0	511.0	511.0
431	432	436	442	444
418.8828125	419.125	419.5390625	420.1796875	420.50390625
274	275	278	282	297
249.0703125	249.25	250.15234375	251.3125	251.57421875
155	160	163	167	170
133.78125	134.2578125	134.50390625	135.30859375	135.76953125
88	90	95	104	105
68.8515625	69.390625	69.9140625	70.16015625	70.63671875
48	49	53	56	56
34.625	34.9921875	35.234375	35.890625	35.9140625
29	30	32	33	36
17.37109375	17.77734375	17.84765625	18.375	18.45703125
k=4 m=512
511	511	511	511	511
511.0	511.0	511.0	511.0	511.0
508	508	509	511	511
503.5	503.62109375	503.73046875	503.96875	504.01953125
393	398	399	402	405
370.94140625	371.65625	371.98046875	372.53515625	373.16796875
241	245	252	258	261
219.36328125	219.55859375	220.07421875	220.8515625	221.578125
139	142	146	150	156
117.671875	118.13671875	118.65234375	119.66015625	119.96484375
77	78	81	84	89
61.0703125	61.23046875	61.515625	62.046875	62.76171875
44	46	47	51	53
30.68359375	30.97265625	31.14453125	31.77734375	31.796875
k=6 m=512

511	511	511	511	511
511.0	511.0	511.0	511.0	511.0
506	506	506	508	508
497.40625	497.43359375	497.546875	497.8828125	497.90625
405	405	410	413	415
380.37109375	380.3984375	380.71484375	381.67578125	382.0546875
262	263	267	270	277
234.32421875	234.390625	235.26953125	236.21484375	236.5546875
154	155	158	167	167
129.19921875	129.39453125	129.7109375	130.41796875	131.21484375
89	89	91	97	100
67.6640625	67.7890625	67.96484375	68.7265625	68.8828125
k=8 m=512

511	511	511	511	511
511.0	511.0	511.0	511.0	511.0
511	511	511	511	511
510.94140625	510.953125	510.95703125	510.97265625	510.98046875
490	490	491	494	496
474.76953125	474.83203125	475.046875	475.515625	475.8203125
371	374	378	381	381
346.26171875	346.2734375	346.68359375	347.20703125	347.3828125
236	242	243	247	250
210.08984375	210.09375	210.52734375	211.51171875	211.6640625
141	142	142	149	149
114.9609375	115.23046875	115.7265625	116.43359375	117.08203125
k=16 m=512


511	511	511	511	511
511.0	511.0	511.0	511.0	511.0
511	511	511	511	511
511.0	511.0	511.0	511.0	511.0
511	511	511	511	511
508.53125	508.61328125	508.6328125	508.73046875	508.91796875
475	477	477	481	482
458.04296875	458.28515625	458.46484375	459.16796875	459.1953125
361	362	365	374	383
333.62109375	334.2421875	334.89453125	335.53125	336.2421875
