k=2 m=4
1	3	3	3	3
1.0	2.0	2.5	3.0	3.0
0	1	2	3	3
0.0	1.0	1.5	2.5	3.0
0	0	1	2	3
0.0	0.0	0.5	1.5	3.0
0	0	0	1	2
0.0	0.0	0.0	0.5	1.0
0	0	0	1	1
0.0	0.0	0.0	0.5	1.0
0	0	0	1	1
0.0	0.0	0.0	0.5	0.5
0	0	0	0	1
0.0	0.0	0.0	0.0	0.5
k=2 m=8
5	6	7	7	7
4.75	5.25	5.75	6.5	6.75
3	3	5	6	7
2.0	2.25	3.25	4.0	4.5
1	2	3	4	5
0.5	1.0	1.5	2.5	3.25
0	1	2	3	4
0.0	0.25	0.75	1.5	2.0
0	0	1	2	3
0.0	0.0	0.5	1.0	1.5
0	0	1	1	2
0.0	0.0	0.25	0.5	0.75
0	0	0	1	1
0.0	0.0	0.0	0.25	0.5
k=2 m=16
13	13	14	15	15
11.75	12.125	12.5	13.125	13.5
7	8	9	11	13
5.5	6.125	6.625	7.625	9.25
4	5	6	8	9
2.25	3.0	3.75	4.5	5.125
2	3	4	5	7
0.875	1.375	1.75	2.375	3.0
1	2	2	3	5
0.25	0.5	0.875	1.25	1.75
0	1	2	2	3
0.0	0.25	0.5	0.75	0.875
0	0	1	2	2
0.0	0.0	0.25	0.375	0.625
k=2 m=32
26	27	28	30	31
24.6875	25.1875	25.6875	26.5	27.375
15	16	19	20	22
12.8125	13.5625	14.0625	15.0625	15.625
8	10	11	14	16
6.5	6.8125	7.375	8.0625	8.8125
5	6	7	9	10
2.9375	3.3125	3.8125	4.375	5.0
3	3	5	6	8
1.125	1.5	1.875	2.375	2.75
2	2	3	4	6
0.375	0.6875	1.0	1.375	1.625
1	1	2	3	4
0.1875	0.25	0.4375	0.6875	0.875
k=2 m=64
53	54	56	58	60
50.90625	51.875	52.5	53.03125	54.15625
32	33	36	40	43
28.125	28.40625	29.09375	30.15625	30.65625
18	19	22	24	26
14.15625	14.46875	15.15625	15.9375	16.5625
10	11	13	15	17
6.90625	7.15625	7.75	8.34375	8.78125
6	7	8	10	12
3.3125	3.53125	3.90625	4.375	4.8125
4	4	5	7	7
1.53125	1.625	1.875	2.21875	2.5
2	3	3	4	6
0.46875	0.71875	0.9375	1.15625	1.46875
k=2 m=128
107	109	112	114	116
104.265625	105.109375	105.875	106.453125	107.03125
63	65	69	74	76
57.734375	58.265625	58.90625	59.859375	60.625
36	38	40	44	47
29.703125	29.953125	30.546875	31.515625	32.234375
20	22	24	28	30
14.734375	15.140625	15.59375	16.25	16.453125
12	13	14	18	19
7.09375	7.40625	7.796875	8.265625	8.796875
7	8	9	11	12
3.484375	3.65625	3.890625	4.1875	4.59375
4	5	6	8	9
1.578125	1.703125	1.96875	2.1875	2.484375
k=3 m=4
3	3	3	3	3
3.0	3.0	3.0	3.0	3.0
1	2	3	3	3
1.0	1.5	2.5	3.0	3.0
1	1	2	3	3
0.5	0.5	1.5	2.5	3.0
0	1	1	2	3
0.0	0.5	0.5	1.5	2.0
0	0	1	2	2
0.0	0.0	0.5	1.0	1.5
0	0	0	1	2
0.0	0.0	0.0	0.5	1.0
0	0	0	1	1
0.0	0.0	0.0	0.5	0.5
k=3 m=8
7	7	7	7	7
7.0	7.0	7.0	7.0	7.0
5	6	7	7	7
4.25	5.0	5.75	6.25	6.5
3	4	5	6	7
1.75	2.5	3.25	4.0	5.0
1	2	3	5	6
0.5	1.25	1.75	2.5	3.5
0	1	2	3	4
0.0	0.25	0.75	1.5	2.25
0	1	1	2	4
0.0	0.25	0.5	1.0	1.5
0	0	1	2	2
0.0	0.0	0.25	0.5	1.0
k=3 m=16
15	15	15	15	15
15.0	15.0	15.0	15.0	15.0
13	14	14	15	15
11.125	11.625	12.25	13.125	13.625
8	9	10	12	12
6.0	6.5	7.25	8.0	8.375
4	5	7	8	9
2.375	3.125	4.0	4.625	5.25
2	3	4	6	7
0.875	1.375	1.875	2.5	3.125
1	2	3	4	4
0.25	0.625	1.0	1.375	1.75
1	1	2	3	4
0.125	0.25	0.5	0.875	1.25
k=3 m=32
31	31	31	31	31
31.0	31.0	31.0	31.0	31.0
27	28	29	30	31
24.125	24.75	25.5	26.3125	26.6875
17	19	20	23	24
13.9375	14.375	15.1875	16.3125	16.75
9	11	13	15	16
6.75	7.4375	8.0625	9.0625	9.4375
5	7	8	9	10
3.375	3.6875	4.1875	4.875	5.3125
3	4	5	6	8
1.3125	1.625	2.0625	2.5	2.875
2	2	3	4	6
0.375	0.75	1.0625	1.4375	1.8125
k=3 m=64
63	63	63	63	63
63.0	63.0	63.0	63.0	63.0
55	56	57	59	61
50.3125	51.0625	51.6875	52.4375	53.15625
35	36	39	42	44
29.53125	29.90625	30.75	31.90625	32.96875
20	22	25	27	30
15.28125	15.78125	16.625	17.59375	18.5
11	13	15	17	19
7.40625	7.8125	8.59375	9.34375	9.875
7	8	10	11	12
3.5	3.9375	4.4375	4.78125	5.15625
4	4	6	7	8
1.65625	1.875	2.125	2.5	2.84375
k=3 m=128
127	127	127	127	127
127.0	127.0	127.0	127.0	127.0
110	111	113	115	118
103.0625	103.734375	104.40625	105.09375	105.890625
69	71	74	78	80
60.578125	61.1875	61.921875	62.953125	63.734375
39	42	45	49	51
32.328125	32.625	33.40625	34.203125	34.8125
22	24	27	29	33
16.21875	16.546875	17.171875	17.984375	18.453125
13	14	16	18	20
8.0625	8.34375	8.734375	9.171875	9.4375
7	9	10	12	13
3.921875	4.078125	4.375	4.71875	4.875
k=4 m=4
3	3	3	3	3
3.0	3.0	3.0	3.0	3.0
2	3	3	3	3
2.0	3.0	3.0	3.0	3.0
2	2	3	3	3
1.0	1.5	2.0	3.0	3.0
0	1	2	3	3
0.0	0.5	1.5	2.0	3.0
0	0	1	2	3
0.0	0.0	0.5	1.0	2.5
0	0	1	1	2
0.0	0.0	0.5	1.0	1.5
0	0	0	1	2
0.0	0.0	0.0	0.5	1.5
k=4 m=8
7	7	7	7	7
7.0	7.0	7.0	7.0	7.0
7	7	7	7	7
6.5	6.75	7.0	7.0	7.0
5	6	7	7	7
3.5	4.25	5.0	5.75	6.25
2	4	5	6	6
1.75	2.25	3.0	3.75	4.0
1	2	3	4	5
0.5	1.0	1.75	2.25	2.5
0	1	2	3	4
0.0	0.25	0.75	1.5	2.0
0	0	1	2	3
0.0	0.0	0.25	0.75	1.25
k=4 m=16
15	15	15	15	15
15.0	15.0	15.0	15.0	15.0
15	15	15	15	15
14.25	14.625	14.75	15.0	15.0
11	13	14	15	15
9.625	10.125	10.875	11.75	12.375
7	8	9	11	13
4.75	5.5	6.375	7.375	8.375
4	5	6	8	8
2.0	2.75	3.5	4.25	4.625
2	3	4	5	6
1.0	1.25	1.625	2.375	2.5
1	2	3	4	5
0.25	0.5	0.875	1.375	1.875
k=4 m=32
31	31	31	31	31
31.0	31.0	31.0	31.0	31.0
31	31	31	31	31
30.0	30.3125	30.5625	30.75	30.875
24	26	27	29	30
21.0625	21.75	22.625	23.375	23.9375
14	17	18	21	22
12.125	12.4375	13.1875	14.3125	14.9375
9	10	12	13	15
5.9375	6.4375	7.0	8.0	8.8125
5	6	8	9	10
2.6875	3.125	3.8125	4.375	4.8125
3	4	5	6	7
1.3125	1.5	1.875	2.3125	2.6875
k=4 m=64
63	63	63	63	63
63.0	63.0	63.0	63.0	63.0
63	63	63	63	63
61.59375	61.84375	62.09375	62.34375	62.53125
50	52	53	55	57
44.6875	45.15625	45.84375	46.59375	47.78125
32	33	36	38	41
25.6875	26.25	27.09375	28.125	28.65625
18	20	22	24	27
13.375	14.0	14.59375	15.3125	15.78125
11	12	14	15	18
6.3125	7.0625	7.59375	8.0	8.4375
6	7	9	11	12
3.03125	3.4375	3.84375	4.375	4.59375
k=4 m=128
127	127	127	127	127
127.0	127.0	127.0	127.0	127.0
127	127	127	127	127
124.703125	124.96875	125.171875	125.390625	125.484375
99	101	104	107	110
91.234375	91.5625	92.328125	93.125	93.640625
62	65	68	71	76
53.125	53.8125	54.625	55.5625	56.21875
37	39	41	45	49
28.28125	28.765625	29.5625	30.3125	31.453125
21	23	25	28	29
14.421875	14.828125	15.296875	15.84375	16.15625
12	13	15	17	18
7.046875	7.40625	7.75	8.15625	8.828125
k=6 m=4

3	3	3	3	3
3.0	3.0	3.0	3.0	3.0
2	3	3	3	3
2.0	2.5	3.0	3.0	3.0
1	2	3	3	3
0.5	1.0	2.0	3.0	3.0
0	1	2	3	3
0.0	0.5	1.5	2.5	2.5
0	0	1	2	3
0.0	0.0	0.5	1.5	2.0
0	0	1	2	2
0.0	0.0	0.5	1.0	1.5
k=6 m=8

7	7	7	7	7
7.0	7.0	7.0	7.0	7.0
7	7	7	7	7
6.0	6.5	6.75	7.0	7.0
5	6	7	7	7
3.75	4.5	5.25	6.0	6.25
3	4	5	6	6
1.75	2.5	3.25	4.0	5.0
1	2	3	4	5
0.75	1.0	1.75	2.5	3.0
0	1	2	3	4
0.0	0.5	0.75	1.5	2.0
k=6 m=16

15	15	15	15	15
15.0	15.0	15.0	15.0	15.0
15	15	15	15	15
14.125	14.25	14.625	14.875	15.0
11	13	14	15	15
9.5	10.375	11.25	11.875	12.375
8	9	10	11	12
5.5	6.0	6.75	7.75	8.5
4	5	7	8	9
2.25	3.0	3.75	4.625	4.875
2	3	4	6	7
1.125	1.5	2.0	2.75	3.0
k=6 m=32

31	31	31	31	31
31.0	31.0	31.0	31.0	31.0
31	31	31	31	31
29.625	29.9375	30.1875	30.5	30.6875
26	26	28	29	30
21.8125	22.375	23.125	23.8125	24.25
17	18	20	22	24
13.0625	13.5	14.3125	15.125	16.1875
10	11	13	15	16
6.6875	7.25	7.875	8.5	8.9375
5	7	8	10	13
2.625	3.5	4.125	4.75	5.25
k=6 m=64

63	63	63	63	63
63.0	63.0	63.0	63.0	63.0
63	63	63	63	63
60.6875	61.125	61.34375	61.65625	61.8125
52	53	54	56	59
45.375	46.0625	46.90625	47.6875	48.1875
34	36	37	40	41
27.375	28.21875	28.90625	29.6875	30.78125
20	22	24	27	28
14.5625	15.0625	16.03125	16.84375	17.4375
12	13	15	17	20
7.1875	7.875	8.40625	9.03125	9.21875
k=6 m=128

127	127	127	127	127
127.0	127.0	127.0	127.0	127.0
126	127	127	127	127
123.125	123.40625	123.734375	123.96875	124.203125
102	104	106	109	111
93.140625	93.8125	94.671875	95.5	96.21875
68	69	73	75	79
56.6875	57.390625	58.296875	59.125	59.859375
40	41	44	48	51
31.015625	31.453125	32.328125	33.046875	33.421875
24	25	27	30	31
15.703125	16.46875	17.03125	17.53125	17.984375
k=8 m=4

3	3	3	3	3
3.0	3.0	3.0	3.0	3.0
3	3	3	3	3
3.0	3.0	3.0	3.0	3.0
2	3	3	3	3
2.0	2.5	3.0	3.0	3.0
0	2	3	3	3
0.0	1.0	2.0	2.5	3.0
0	1	2	3	3
0.0	0.5	1.0	2.0	2.5
0	0	1	2	3
0.0	0.0	0.5	1.5	1.5
k=8 m=8

7	7	7	7	7
7.0	7.0	7.0	7.0	7.0
7	7	7	7	7
7.0	7.0	7.0	7.0	7.0
6	7	7	7	7
5.75	6.0	6.5	7.0	7.0
5	5	6	7	7
3.25	4.0	4.75	5.5	6.25
3	3	4	6	7
1.5	1.75	2.75	3.5	4.25
1	2	3	4	5
0.25	1.0	1.75	2.5	2.75
k=8 m=16

15	15	15	15	15
15.0	15.0	15.0	15.0	15.0
15	15	15	15	15
15.0	15.0	15.0	15.0	15.0
15	15	15	15	15
13.25	13.5	13.875	14.375	14.625
10	12	13	14	15
8.625	9.25	10.125	11.0	11.5
7	8	10	11	13
4.75	5.375	6.125	7.0	7.75
4	5	6	8	9
2.125	2.75	3.375	4.25	4.625
k=8 m=32

31	31	31	31	31
31.0	31.0	31.0	31.0	31.0
31	31	31	31	31
30.9375	31.0	31.0	31.0	31.0
30	31	31	31	31
27.9375	28.5	28.8125	29.25	29.5625
23	24	26	28	28
19.75	20.375	21.25	22.0625	22.5625
16	17	18	20	21
11.0625	12.0625	12.9375	13.625	14.0625
9	10	12	14	15
5.6875	6.1875	6.875	7.6875	8.25
k=8 m=64

63	63	63	63	63
63.0	63.0	63.0	63.0	63.0
63	63	63	63	63
62.96875	62.96875	63.0	63.0	63.0
61	62	63	63	63
57.84375	58.21875	58.5625	59.03125	59.3125
47	49	51	53	55
41.34375	41.9375	42.78125	43.46875	44.28125
31	33	35	38	39
24.3125	25.125	25.875	26.75	27.4375
18	20	22	25	26
13.0	13.625	14.375	15.0625	15.96875
k=8 m=128

127	127	127	127	127
127.0	127.0	127.0	127.0	127.0
127	127	127	127	127
126.953125	126.96875	126.984375	127.0	127.0
123	123	124	126	126
117.078125	117.609375	118.109375	118.53125	118.75
94	96	99	102	104
84.21875	85.4375	86.125	87.03125	87.265625
62	63	66	71	74
50.53125	51.53125	52.296875	53.140625	53.75
37	39	41	44	47
27.53125	28.0	28.90625	29.59375	30.171875
k=16 m=4


3	3	3	3	3
3.0	3.0	3.0	3.0	3.0
3	3	3	3	3
3.0	3.0	3.0	3.0	3.0
3	3	3	3	3
2.5	3.0	3.0	3.0	3.0
2	3	3	3	3
1.5	2.5	3.0	3.0	3.0
0	2	3	3	3
0.0	1.0	2.0	3.0	3.0
k=16 m=8


7	7	7	7	7
7.0	7.0	7.0	7.0	7.0
7	7	7	7	7
7.0	7.0	7.0	7.0	7.0
7	7	7	7	7
6.5	6.75	7.0	7.0	7.0
6	7	7	7	7
5.25	5.75	6.25	6.75	7.0
4	5	6	7	7
3.0	3.75	4.75	5.25	6.25
k=16 m=16


15	15	15	15	15
15.0	15.0	15.0	15.0	15.0
15	15	15	15	15
15.0	15.0	15.0	15.0	15.0
15	15	15	15	15
14.75	14.75	15.0	15.0	15.0
14	15	15	15	15
12.375	12.875	13.5	14.0	14.25
10	12	13	14	14
8.25	8.75	9.75	10.5	10.875
k=16 m=32


31	31	31	31	31
31.0	31.0	31.0	31.0	31.0
31	31	31	31	31
31.0	31.0	31.0	31.0	31.0
31	31	31	31	31
30.625	30.75	30.875	30.9375	31.0
29	30	31	31	31
27.0	27.25	27.75	28.3125	28.875
22	24	25	27	29
18.9375	19.5	20.25	21.25	21.5
k=16 m=64


63	63	63	63	63
63.0	63.0	63.0	63.0	63.0
63	63	63	63	63
63.0	63.0	63.0	63.0	63.0
63	63	63	63	63
62.5	62.59375	62.71875	62.84375	62.875
59	60	61	62	63
55.46875	55.96875	56.53125	57.09375	57.5
46	48	50	52	53
39.875	40.53125	41.28125	42.15625	43.09375
k=16 m=128


127	127	127	127	127
127.0	127.0	127.0	127.0	127.0
127	127	127	127	127
127.0	127.0	127.0	127.0	127.0
127	127	127	127	127
126.125	126.3125	126.421875	126.546875	126.625
120	121	122	123	125
113.265625	113.546875	114.0625	114.578125	114.78125
92	94	97	100	102
81.625	82.296875	83.125	84.015625	84.75
