k=2 m=8
0.0	0.0	0.125	0.1875	0.25
0.03515625	0.046875	0.0859375	0.140625	0.18359375
0.0	0.0	0.0625	0.25	0.3125
0.0	0.0	0.0	0.1875	0.28125
0.0	0.0	0.0	0.5	1.0
0.0	0.0	0.0	0.5	1.0
0.0	0.0	0.0	0.75	1.0
k=2 m=32
0.0	0.0	0.0	0.0	0.0
0.0	0.0	0.0	0.0	0.00390625
0.0	0.0	0.0	0.0	0.0
0.0	0.0	0.0	0.0	0.0
0.0	0.0	0.0	0.0	0.0
0.0	0.0	0.0	0.0	0.0
0.0	0.0	0.0	0.0	0.0
k=2 m=128
0.0	0.0	0.0	0.0	0.0
0.0	0.0	0.0	0.0	0.0
0.0	0.0	0.0	0.0	0.0
0.0	0.0	0.0	0.0	0.0
0.0	0.0	0.0	0.0	0.0
0.0	0.0	0.0	0.0	0.0
0.0	0.0	0.0	0.0	0.0
k=2 m=512
0.0	0.0	0.0	0.0	0.0
0.0	0.0	0.0	0.0	0.0
0.0	0.0	0.0	0.0	0.0
0.0	0.0	0.0	0.0	0.0
0.0	0.0	0.0	0.0	0.0
0.0	0.0	0.0	0.0	0.0
0.0	0.0	0.0	0.0	0.0
k=2 m=2048
0.0	0.0	0.0	0.0	0.0
0.0	0.0	0.0	0.0	0.0
0.0	0.0	0.0	0.0	0.0
0.0	0.0	0.0	0.0	0.0
0.0	0.0	0.0	0.0	0.0
0.0	0.0	0.0	0.0	0.0
0.0	0.0	0.0	0.0	0.0
k=3 m=8
0.1875	0.3125	0.375	0.4375	0.5
0.2421875	0.2734375	0.3359375	0.40234375	0.4140625
0.0	0.0	0.203125	0.546875	0.625
0.0	0.0	0.25	0.75	1.0
0.0	0.0	0.25	1.0	1.0
0.0	0.0	0.0	1.0	1.0
0.0	0.0	0.0	1.0	1.0
k=3 m=32
0.0	0.0	0.0	0.0625	0.125
0.0	0.0	0.01171875	0.0390625	0.046875
0.0	0.0	0.001953125	0.0458984375	0.078125
0.0	0.0	0.0	0.125	0.25
0.0	0.0	0.0	0.0	0.078125
0.0	0.0	0.0	0.0	1.0
0.0	0.0	0.0	0.0	0.0
k=3 m=128
0.0	0.0	0.0	0.0	0.0
0.0	0.0	0.0	0.0	0.0
0.0	0.0	0.0	0.0	0.0
0.0	0.0	0.0	0.0	0.0
0.0	0.0	0.0	0.0	0.0
0.0	0.0	0.0	0.0	0.0
0.0	0.0	0.0	0.0	0.0
k=3 m=512
0.0	0.0	0.0	0.0	0.0
0.0	0.0	0.0	0.0	0.0
0.0	0.0	0.0	0.0	0.0
0.0	0.0	0.0	0.0	0.0
0.0	0.0	0.0	0.0	0.0
0.0	0.0	0.0	0.0	0.0
0.0	0.0	0.0	0.0	0.0
k=3 m=2048
0.0	0.0	0.0	0.0	0.0
0.0	0.0	0.0	0.0	0.0
0.0	0.0	0.0	0.0	0.0
0.0	0.0	0.0	0.0	0.0
0.0	0.0	0.0	0.0	0.0
0.0	0.0	0.0	0.0	0.0
0.0	0.0	0.0	0.0	0.0
k=4 m=8
0.5	0.5	0.5625	0.6875	0.6875
0.53515625	0.5625	0.59375	0.6171875	0.64453125
0.0	0.2353515625	0.615234375	0.75	0.9375
0.0	0.0009765625	0.703125	1.0	1.0
0.0	0.0	0.5	1.0	1.0
0.0	0.0	0.5	1.0	1.0
0.0	0.0	1.0	1.0	1.0
k=4 m=32
0.0	0.0625	0.125	0.25	0.25
0.07421875	0.0859375	0.109375	0.15234375	0.17578125
0.0439453125	0.0634765625	0.1328125	0.3134765625	0.458984375
0.0	0.0	0.03515625	0.3828125	0.75
0.0	0.0	0.0	0.375	1.0
0.0	0.0	0.0	0.9990234375	1.0
0.0	0.0	0.0	0.75	1.0
k=4 m=128
0.0	0.0	0.0	0.0	0.0

