k=2 m=8
0.0	0.0	0.125	0.1875	0.3125
0.015625	0.03515625	0.0859375	0.1640625	0.234375
0.0	0.0	0.0703125	0.25	0.7490234375
0.0	0.0	0.0	0.375	0.75
0.0	0.0	0.0	0.5	1.0
0.0	0.0	0.0	0.5	1.0
0.0	0.0	0.0	0.0	1.0
k=2 m=32
0.0	0.0	0.0	0.0	0.0
0.0	0.0	0.0	0.0	0.00390625
0.0	0.0	0.0	0.0	0.005859375
0.0	0.0	0.0	0.0	0.0
0.0	0.0	0.0	0.0	0.0
0.0	0.0	0.0	0.0	0.0
0.0	0.0	0.0	0.0	0.0
k=2 m=128
0.0	0.0	0.0	0.0	0.0
0.0	0.0	0.0	0.0	0.0
0.0	0.0	0.0	0.0	0.0
0.0	0.0	0.0	0.0	0.0
0.0	0.0	0.0	0.0	0.0
0.0	0.0	0.0	0.0	0.0
0.0	0.0	0.0	0.0	0.0
k=2 m=512
0.0	0.0	0.0	0.0	0.0
0.0	0.0	0.0	0.0	0.0
0.0	0.0	0.0	0.0	0.0
0.0	0.0	0.0	0.0	0.0
0.0	0.0	0.0	0.0	0.0
0.0	0.0	0.0	0.0	0.0
0.0	0.0	0.0	0.0	0.0
k=2 m=2048
0.0	0.0	0.0	0.0	0.0
0.0	0.0	0.0	0.0	0.0
0.0	0.0	0.0	0.0	0.0
0.0	0.0	0.0	0.0	0.0
0.0	0.0	0.0	0.0	0.0
0.0	0.0	0.0	0.0	0.0
0.0	0.0	0.0	0.0	0.0
k=3 m=8
0.1875	0.25	0.3125	0.4375	0.5
0.24609375	0.28125	0.33984375	0.40625	0.48046875
0.0	0.15625	0.3740234375	0.625	0.78125
0.0	0.0	0.25	0.875	1.0
0.0	0.0	0.125	1.0	1.0
0.0	0.0	0.0	1.0	1.0
0.0	0.0	0.0	1.0	1.0
k=3 m=32
0.0	0.0	0.0	0.0625	0.125
0.0	0.0	0.01171875	0.03125	0.046875
0.0	0.0	0.00390625	0.046875	0.1904296875
0.0	0.0	0.0	0.03125	0.5
0.0	0.0	0.0	0.0	0.25
0.0	0.0	0.0	0.0	0.5
0.0	0.0	0.0	0.0	1.0
k=3 m=128
0.0	0.0	0.0	0.0	0.0
0.0	0.0	0.0	0.0	0.0
0.0	0.0	0.0	0.0	0.0
0.0	0.0	0.0	0.0	0.0
0.0	0.0	0.0	0.0	0.0
0.0	0.0	0.0	0.0	0.0
0.0	0.0	0.0	0.0	0.0
k=3 m=512
0.0	0.0	0.0	0.0	0.0
0.0	0.0	0.0	0.0	0.0
0.0	0.0	0.0	0.0	0.0
0.0	0.0	0.0	0.0	0.0
0.0	0.0	0.0	0.0	0.0
0.0	0.0	0.0	0.0	0.0
0.0	0.0	0.0	0.0	0.0
k=3 m=2048
0.0	0.0	0.0	0.0	0.0
0.0	0.0	0.0	0.0	0.0
0.0	0.0	0.0	0.0	0.0
0.0	0.0	0.0	0.0	0.0
0.0	0.0	0.0	0.0	0.0
0.0	0.0	0.0	0.0	0.0
0.0	0.0	0.0	0.0	0.0
k=4 m=8
0.5	0.5	0.5625	0.6875	0.75
0.5390625	0.55859375	0.59375	0.6328125	0.6875
0.2197265625	0.3505859375	0.5625	0.8203125	1.0
0.0	0.0009765625	0.625	1.0	1.0
0.0	0.0	0.5	1.0	1.0
0.0	0.0	1.0	1.0	1.0
0.0	0.0	1.0	1.0	1.0
k=4 m=32
0.0	0.0625	0.125	0.25	0.3125
0.05859375	0.09375	0.125	0.171875	0.203125
0.0	0.033203125	0.1142578125	0.255859375	0.3828125
0.0	0.0	0.046875	0.3515625	0.734375
0.0	0.0	0.0	0.5	1.0
0.0	0.0	0.0	0.5	1.0
0.0	0.0	0.0	0.5	1.0
k=4 m=128
0.0	0.0	0.0	0.0	0.0
0.0	0.0	0.0	0.0	0.00390625
0.0	0.0	0.0	0.0009765625	0.005859375
0.0	0.0	0.0	0.0	0.0087890625
0.0	0.0	0.0	0.0	0.0
0.0	0.0	0.0	0.0	0.0
0.0	0.0	0.0	0.0	0.0
k=4 m=512
0.0	0.0	0.0	0.0	0.0
0.0	0.0	0.0	0.0	0.0
0.0	0.0	0.0	0.0	0.0
0.0	0.0	0.0	0.0	0.0
0.0	0.0	0.0	0.0	0.0
0.0	0.0	0.0	0.0	0.0
0.0	0.0	0.0	0.0	0.0
k=4 m=2048
0.0	0.0	0.0	0.0	0.0
0.0	0.0	0.0	0.0	0.0
0.0	0.0	0.0	0.0	0.0
0.0	0.0	0.0	0.0	0.0
0.0	0.0	0.0	0.0	0.0
0.0	0.0	0.0	0.0	0.0
0.0	0.0	0.0	0.0	0.0
k=6 m=8

0.875	0.875	0.87890625	0.890625	0.90234375
0.609375	0.75	0.8935546875	0.9990234375	1.0
0.0009765625	0.640625	1.0	1.0	1.0
0.0	0.5	1.0	1.0	1.0
0.0	0.5	1.0	1.0	1.0
0.0	0.0	1.0	1.0	1.0
k=6 m=32

0.5625	0.578125	0.60546875	0.62890625	0.6484375
0.25390625	0.435546875	0.60546875	0.763671875	0.85546875
0.0	0.359375	0.65625	0.9990234375	1.0
0.0	0.0	0.75	1.0	1.0
0.0	0.0	0.5009765625	1.0	1.0
0.0	0.0	1.0	1.0	1.0
k=6 m=128

0.07421875	0.10546875	0.1328125	0.15625	0.171875
0.0224609375	0.056640625	0.115234375	0.21484375	0.3056640625
0.0	0.0	0.1015625	0.3330078125	0.484375
0.0	0.0	0.0	0.4375	0.75
0.0	0.0	0.0	0.5	1.0
0.0	0.0	0.0	0.5	1.0
k=6 m=512

0.0	0.0	0.0	0.0	0.00390625
0.0	0.0	0.0	0.0009765625	0.0048828125
0.0	0.0	0.0	0.0	0.0107421875
0.0	0.0	0.0	0.0	0.015625
0.0	0.0	0.0	0.0	0.0
0.0	0.0	0.0	0.0	0.0
k=6 m=2048

0.0	0.0	0.0	0.0	0.0
0.0	0.0	0.0	0.0	0.0
0.0	0.0	0.0	0.0	0.0
0.0	0.0	0.0	0.0	0.0
0.0	0.0	0.0	0.0	0.0
0.0	0.0	0.0	0.0	0.0
k=8 m=8

0.96875	0.96875	0.96875	0.96875	0.9765625
0.84375	0.9296875	0.9833984375	1.0	1.0
0.5	0.875	1.0	1.0	1.0
0.0009765625	0.984375	1.0	1.0	1.0
0.5	1.0	1.0	1.0	1.0
0.0	1.0	1.0	1.0	1.0
k=8 m=32

0.875	0.875	0.8828125	0.890625	0.89453125
0.71875	0.796875	0.88671875	0.953125	0.9990234375
0.421875	0.71875	0.9375	1.0	1.0
0.0	0.5	1.0	1.0	1.0
0.0	0.5	1.0	1.0	1.0
0.0	0.9990234375	1.0	1.0	1.0
k=8 m=128

0.56640625	0.5859375	0.60546875	0.62109375	0.6484375
0.408203125	0.501953125	0.6201171875	0.7119140625	0.7666015625
0.0	0.3125	0.640625	0.90625	1.0
0.0	0.0009765625	0.640625	1.0	1.0
0.0	0.0	0.75	1.0	1.0
0.0	0.0	1.0	1.0	1.0
k=8 m=512

0.09375	0.11328125	0.1328125	0.16015625	0.17578125
0.0546875	0.08203125	0.1337890625	0.19140625	0.2568359375
0.0	0.0126953125	0.1064453125	0.2861328125	0.544921875
0.0	0.0	0.05078125	0.4375	0.875
0.0	0.0	0.0	0.5	1.0
0.0	0.0	0.0	0.9990234375	1.0
k=8 m=2048

0.0	0.0	0.0	0.0	0.0078125
0.0	0.0	0.0	0.0009765625	0.0029296875
0.0	0.0	0.0	0.0009765625	0.0068359375
0.0	0.0	0.0	0.0	0.0107421875
0.0	0.0	0.0	0.0	0.0
0.0	0.0	0.0	0.0	0.0
k=16 m=8


0.9990234375	1.0	1.0	1.0	1.0
1.0	1.0	1.0	1.0	1.0
1.0	1.0	1.0	1.0	1.0
1.0	1.0	1.0	1.0	1.0
1.0	1.0	1.0	1.0	1.0
k=16 m=32


0.9970703125	0.9990234375	1.0	1.0	1.0
0.984375	1.0	1.0	1.0	1.0
0.9375	1.0	1.0	1.0	1.0
1.0	1.0	1.0	1.0	1.0
1.0	1.0	1.0	1.0	1.0
k=16 m=128


0.9931640625	0.99609375	0.998046875	1.0	1.0
0.96875	1.0	1.0	1.0	1.0
0.9375	1.0	1.0	1.0	1.0
1.0	1.0	1.0	1.0	1.0
0.5	1.0	1.0	1.0	1.0
k=16 m=512


0.9853515625	0.9892578125	0.9921875	0.99609375	0.9970703125
0.9375	0.96875	1.0	1.0	1.0
0.75	1.0	1.0	1.0	1.0
0.75	1.0	1.0	1.0	1.0
0.5	1.0	1.0	1.0	1.0
k=16 m=2048


0.9580078125	0.9619140625	0.9697265625	0.9755859375	0.9814453125
0.8515625	0.921875	0.98046875	1.0	1.0
0.4375	0.875	1.0	1.0	1.0
0.5	1.0	1.0	1.0	1.0
0.0	1.0	1.0	1.0	1.0
