k=2 m=8
0.0	0.0	0.125	0.1875	0.1875
0.046875	0.046875	0.0703125	0.09765625	0.109375
0.0	0.0	0.015625	0.1875	0.1875
0.0	0.0	0.0	0.28125	0.5
0.0	0.0	0.0	0.5	1.0
0.0	0.0	0.0	0.0	1.0
0.0	0.0	0.0	0.0	1.0
k=2 m=32
0.0	0.0	0.0	0.0	0.0
0.0	0.0	0.0	0.0	0.0
0.0	0.0	0.0	0.0	0.0
0.0	0.0	0.0	0.0	0.0
0.0	0.0	0.0	0.0	0.0
0.0	0.0	0.0	0.0	0.0
0.0	0.0	0.0	0.0	0.0
k=2 m=128
0.0	0.0	0.0	0.0	0.0
0.0	0.0	0.0	0.0	0.0
0.0	0.0	0.0	0.0	0.0
0.0	0.0	0.0	0.0	0.0
0.0	0.0	0.0	0.0	0.0
0.0	0.0	0.0	0.0	0.0
0.0	0.0	0.0	0.0	0.0
k=2 m=512
0.0	0.0	0.0	0.0	0.0
0.0	0.0	0.0	0.0	0.0
0.0	0.0	0.0	0.0	0.0
0.0	0.0	0.0	0.0	0.0

